443
-477
-475
-526
-558
-522
-391
-157
161
525
877
1147
1266
1182
868
338
-355
-1117
-1824
-2339
-2538
-2331
-1686
-645
677
2093
3377
4284
4603
4188
3004
1137
-1195
-3666
-5878
-7422
-7942
-7205
-5155
-1945
2055
6298
10114
12806
13761
12555
9047
3440
-3695
-11461
-18709
-24171
-26611
-25000
-18663
-7404
8428
27934
49731
72080
93066
110805
123655
130402
130402
123655
110805
93066
72080
49731
27934
8428
-7404
-18663
-25000
-26611
-24171
-18709
-11461
-3695
3440
9047
12555
13761
12806
10114
6298
2055
-1945
-5155
-7205
-7942
-7422
-5878
-3666
-1195
1137
3004
4188
4603
4284
3377
2093
677
-645
-1686
-2331
-2538
-2339
-1824
-1117
-355
338
868
1182
1266
1147
877
525
161
-157
-391
-522
-558
-526
-475
-477
443
